ubuntu@pg-db:~$ free -h
               total        used        free      shared  buff/cache   available
Mem:           1.9Gi       319Mi       1.5Gi        14Mi       250Mi       1.6Gi
Swap:             0B          0B          0B
ubuntu@pg-db:~$ vmstat -t 5 24
procs -----------memory---------- ---swap-- -----io---- -system-- -------cpu------- -----timestamp-----
 r  b   swpd   free   buff  cache   si   so    bi    bo   in   cs us sy id wa st gu                 UTC
 0  0      0 1596380  17136 238884    0    0   130    16  104    0  0  0 99  0  0  0 2026-10-04 20:07:05
 0  0      0 1596380  17136 238884    0    0     0     0  193  132  0  0 100  0  0  0 2026-10-04 20:07:10
 0  0      0 1596380  17136 238884    0    0     0     0   65   52  0  0 100  0  0  0 2026-10-04 20:07:15
 0  0      0 1596380  17136 238884    0    0     0     0   58   46  0  0 100  0  0  0 2026-10-04 20:07:20
 0  0      0 1596380  17144 238884    0    0     0     9   62   50  0  0 100  0  0  0 2026-10-04 20:07:25
 0  0      0 1596380  17144 238884    0    0     0     0   59   47  0  0 100  0  0  0 2026-10-04 20:07:30
 0  0      0 1596380  17144 238884    0    0     0     0   71   55  0  0 100  0  0  0 2026-10-04 20:07:35
 1  0      0 1596380  17144 238960    0    0    15     0 1092  111 22 23 55  0  0  0 2026-10-04 20:07:40
 1  0      0 1596380  17144 238960    0    0     0     0 1071   55 25 25 50  0  0  0 2026-10-04 20:07:45
 1  0      0 1596380  17144 238960    0    0     0     0 1068   50 26 24 50  0  0  0 2026-10-04 20:07:50
 1  0      0 1596128  17144 238960    0    0     0     6 1076   58 27 24 50  0  0  0 2026-10-04 20:07:55
 1  0      0 1596128  17144 238960    0    0     0     0 1065   50 26 24 50  0  0  0 2026-10-04 20:08:00
 1  0      0 1596128  17152 238960    0    0     0     4 1070   55 26 24 50  0  0  0 2026-10-04 20:08:05
 0  0      0 1596128  17152 238960    0    0     0     0  170   53  3  3 95  0  0  0 2026-10-04 20:08:10
 0  0      0 1596128  17152 238960    0    0     0     0   66   52  0  0 100  0  0  0 2026-10-04 20:08:15
 0  0      0 1596128  17152 238960    0    0     0     0   57   46  0  0 100  0  0  0 2026-10-04 20:08:20
 0  0      0 1596128  17152 238960    0    0     0     0   54   45  0  0 100  0  0  0 2026-10-04 20:08:25
 0  0      0 1596128  17152 238960    0    0     0     0   57   46  0  0 100  0  0  0 2026-10-04 20:08:30
 0  0      0 1596128  17152 238960    0    0     0     2   68   53  0  0 100  0  0  0 2026-10-04 20:08:35
 0  0      0 1596128  17152 238960    0    0     0     0   62   48  0  0 100  0  0  0 2026-10-04 20:08:40
 0  0      0 1596128  17152 238960    0    0     0     0   66   51  0  0 100  0  0  0 2026-10-04 20:08:45
 0  0      0 1596128  17152 238960    0    0     0     0   62   49  0  0 100  0  0  0 2026-10-04 20:08:50
 0  0      0 1596128  17152 238960    0    0     0     0   73   55  0  0 100  0  0  0 2026-10-04 20:08:55
 0  0      0 1596128  17152 238960    0    0     0     0   53   43  0  0 100  0  0  0 2026-10-04 20:09:00

------------------------------------------------------------------------------------------------------------

Summary
- What: CPU and memory of VM pg-db (2 vCPU, 2 GB RAM).
- When: 2026-10-04 20:07-20:09 UTC, every 5 s.
- How: vmstat and free on the VM, Proxmox Summary graphs.
- Peak: CPU went from ~100% idle to ~50% busy at 20:07:40-20:08:05 while yes was running, then back to idle.
- Memory: stayed the same, ~1.5 GB free, no swap.
